,Age,Attrition,BusinessTravel,Department,DistanceFromHome,Education,EnvironmentSatisfaction,Gender,JobInvolvement,JobLevel,JobRole,JobSatisfaction,MaritalStatus,MonthlyIncome,NumCompaniesWorked,OverTime,PercentSalaryHike,PerformanceRating,StockOptionLevel,TotalWorkingYears,TrainingTimesLastYear,WorkLifeBalance,YearsAtCompany,YearsInCurrentRole,YearsSinceLastPromotion,YearsWithCurrManager
1153,18,1,1,2,3,2,2,0,3,1,8,4,2,1569,1,1,12,3,0,0,2,4,0,0,0,0
608,55,1,2,2,2,1,3,1,3,2,7,4,2,5160,4,0,16,3,0,12,3,2,9,7,7,3
293,26,1,2,2,4,4,4,1,2,2,7,4,2,5828,1,1,12,3,0,8,0,3,8,7,7,4
1452,50,1,1,2,1,4,2,1,3,2,7,3,0,6728,7,0,12,3,2,12,3,3,6,3,0,1
656,32,1,2,1,25,4,1,1,3,1,2,4,2,2795,1,1,24,4,0,1,2,1,1,0,0,1
132,31,1,2,2,20,3,2,0,1,2,7,3,1,4559,3,1,11,3,1,4,2,3,2,2,2,2
663,21,1,2,1,18,1,4,0,3,1,6,4,2,2693,1,0,19,3,0,1,3,2,1,0,0,0
1237,32,1,2,2,1,2,1,1,1,2,7,2,2,6735,6,0,15,3,0,10,2,3,0,0,0,0
102,20,1,1,1,6,3,4,0,2,1,2,4,2,2926,1,1,18,3,0,1,5,3,1,0,1,0
1058,34,1,2,2,24,4,1,0,2,2,7,2,2,4599,0,1,23,4,0,16,2,4,15,9,10,10
286,44,1,1,1,24,3,4,1,3,1,2,3,0,3161,3,1,22,4,1,19,0,1,1,0,0,0
1021,25,1,2,2,9,2,1,1,2,1,8,1,1,4400,3,0,12,3,0,6,2,3,3,2,2,2
357,21,1,1,2,1,1,1,0,2,1,8,2,2,2174,1,1,11,3,0,3,3,3,3,2,1,2
1396,53,1,2,2,24,4,1,1,3,3,7,1,2,10448,6,1,13,3,0,15,2,2,2,2,2,2
566,47,1,1,2,27,2,2,0,4,2,7,3,2,6397,4,1,12,3,0,8,2,3,5,4,1,3
1186,35,1,1,2,12,4,4,1,3,2,7,4,2,4581,3,1,24,4,0,13,2,4,11,9,6,7
732,30,1,1,1,5,3,2,0,3,1,2,2,2,2422,0,0,17,3,0,4,3,3,3,2,1,2
204,38,1,2,1,29,1,2,1,3,2,0,1,1,6673,7,1,19,3,0,17,2,3,1,0,0,0
479,24,1,1,1,7,3,1,0,3,1,2,3,1,2886,1,1,16,3,1,6,4,3,6,3,1,2
317,52,1,2,1,8,4,3,1,2,2,6,2,1,4941,2,0,15,3,0,11,3,2,8,2,7,7
1281,35,1,2,2,27,3,3,1,3,2,7,4,2,5813,1,1,18,3,0,10,2,3,10,7,7,7
953,44,1,2,1,3,3,1,1,3,1,2,1,1,2362,4,0,12,3,0,10,4,4,3,2,1,2
547,42,1,1,1,19,3,3,1,4,1,6,3,0,2759,6,1,12,3,0,7,2,3,2,2,2,2
928,44,1,2,1,15,3,1,0,3,3,0,4,1,7978,1,0,11,3,1,10,2,3,10,7,0,5
1444,56,1,2,1,7,2,4,1,3,1,2,3,1,2339,8,0,11,3,1,14,4,1,10,9,9,8
798,33,1,2,1,25,3,1,1,2,1,6,2,2,2313,4,1,20,4,0,5,0,3,2,2,2,2
598,28,1,2,1,2,4,3,1,3,1,6,3,2,4382,6,0,17,3,0,5,3,2,2,2,2,1
126,58,1,2,1,23,4,4,0,3,3,0,4,1,10312,1,0,12,3,1,40,3,2,40,10,15,6
1222,24,1,2,0,22,1,4,1,1,1,1,3,1,1555,1,0,11,3,1,1,2,3,1,0,0,0
435,33,1,2,1,15,1,2,1,3,3,3,3,1,13610,7,1,12,3,0,15,2,4,7,6,7,7
731,20,1,2,1,11,3,4,0,2,1,6,1,2,2600,1,1,15,3,0,1,2,3,1,0,0,0
1167,35,1,2,2,15,2,1,1,1,2,7,4,0,5440,6,1,14,3,2,7,2,2,2,2,2,2
1077,29,1,2,1,1,4,1,1,2,1,6,1,2,2362,6,0,13,3,0,11,2,1,9,7,0,7
385,30,1,1,1,4,3,3,1,3,1,6,4,2,2285,9,1,23,4,0,3,4,3,1,0,0,0
997,27,1,2,1,17,4,4,0,3,1,6,3,2,2394,1,1,13,3,0,8,2,3,8,2,7,7
89,46,1,2,2,9,2,3,1,2,3,7,4,2,9619,1,0,16,3,0,9,3,3,9,8,4,7
136,51,1,1,1,8,4,1,1,1,3,4,4,2,10650,2,0,15,3,0,18,2,3,4,2,0,3
1379,27,1,1,0,22,3,1,0,2,1,1,2,1,2863,1,0,12,3,0,1,2,3,1,0,0,0
1006,49,1,1,1,28,2,1,1,2,2,2,1,2,4284,3,0,20,4,0,20,2,3,4,3,1,3
26,32,1,1,1,16,1,2,0,1,1,6,1,2,3919,1,1,22,4,0,10,5,3,10,2,6,7
1461,50,1,2,2,28,3,4,1,2,3,7,1,0,10854,4,1,13,3,1,20,3,3,3,2,2,0
669,39,1,2,1,6,3,4,1,3,1,2,1,1,2404,7,1,21,4,0,8,2,1,2,2,2,2
981,35,1,1,2,18,4,4,0,3,2,7,3,1,4614,0,1,18,3,1,5,0,2,4,2,3,2
1112,38,1,2,1,2,3,3,1,3,2,4,2,1,4855,4,0,11,3,2,7,2,3,5,2,1,4
857,44,1,2,1,10,4,3,1,3,1,6,3,2,2936,1,1,11,3,0,6,4,3,6,4,0,2
336,29,1,2,1,8,4,2,1,1,1,2,1,1,2119,1,1,11,3,0,7,4,2,7,7,0,7
777,21,1,2,1,10,3,3,0,2,1,2,1,2,1416,1,0,13,3,0,1,6,2,1,0,1,0
1106,30,1,2,2,1,3,2,1,2,2,7,1,1,9714,1,0,11,3,1,10,4,3,10,8,6,7
1273,22,1,2,1,8,1,3,0,3,1,2,1,1,2398,1,1,17,3,0,1,6,3,1,0,0,0
693,36,1,2,2,3,1,3,1,2,3,7,4,1,10325,1,1,11,3,1,16,6,3,16,7,3,7
288,26,1,2,1,16,4,1,1,3,1,2,2,0,2373,2,1,13,3,1,5,2,3,3,2,0,2
1236,36,1,2,2,13,5,2,1,2,2,7,1,0,6134,5,1,13,3,3,16,3,3,2,2,2,2
366,41,1,1,2,4,3,1,1,3,2,7,2,2,9355,1,0,18,3,0,8,5,3,8,7,7,7
1390,28,1,2,1,17,3,3,1,2,1,2,4,0,2367,5,0,12,3,1,6,2,2,4,1,0,3
239,32,1,2,1,1,3,4,1,2,1,2,3,2,3730,0,1,14,3,0,4,2,1,3,2,1,2
683,25,1,2,2,19,2,3,1,2,1,8,2,1,2413,1,1,18,3,3,1,2,3,1,0,0,0
33,39,1,2,2,5,3,4,1,3,2,8,4,1,2086,3,0,14,3,1,19,6,4,1,0,0,0
1223,47,1,1,2,9,3,3,1,1,4,7,3,1,12936,7,0,11,3,0,25,3,1,23,5,14,10
124,31,1,2,2,6,4,2,1,1,2,7,3,1,6172,4,1,18,3,0,12,3,2,7,7,7,7
436,33,1,2,1,10,1,1,1,1,1,2,4,0,3408,7,0,13,3,3,8,2,3,4,3,1,3
1085,31,1,1,1,3,3,4,0,3,1,6,3,2,4084,1,0,12,3,0,7,2,1,7,2,7,7
1016,31,1,2,1,8,3,1,0,2,1,6,2,2,1261,1,0,12,3,0,1,3,4,1,0,0,0
405,25,1,2,1,3,3,1,1,3,1,2,1,1,4031,5,0,13,3,1,6,5,3,2,2,0,2
660,58,1,1,1,2,1,4,1,2,1,2,4,0,2380,9,1,14,3,1,3,3,2,1,0,0,0
636,35,1,1,1,25,4,4,0,3,1,6,2,0,2022,1,1,19,3,1,10,3,2,10,2,7,8
952,31,1,1,2,1,3,4,0,3,1,8,2,2,2302,1,1,11,3,0,3,2,4,3,2,2,2
127,19,1,2,2,22,1,4,1,3,1,8,3,2,1675,1,1,19,3,0,0,2,2,0,0,0,0
1032,39,1,0,1,2,3,1,0,2,1,2,1,2,3646,2,1,23,4,0,11,2,4,1,0,0,0
2,37,1,2,1,2,2,4,1,2,1,2,3,2,2090,6,1,15,3,0,7,3,3,0,0,0,0
645,29,1,2,2,1,3,2,0,2,1,8,3,0,2800,6,1,19,3,3,5,3,3,3,2,0,2
667,41,1,2,1,2,4,2,0,1,1,2,4,0,2778,4,1,13,3,1,10,1,2,7,7,1,0
892,19,1,0,1,10,3,1,0,2,1,6,2,2,1859,1,1,25,4,0,1,2,4,1,1,0,0
829,33,1,2,2,9,4,1,0,3,2,7,1,2,8224,0,1,17,3,0,6,3,3,5,2,0,3
975,55,1,2,2,13,4,1,1,4,4,7,3,2,13695,6,1,17,3,0,24,2,2,19,7,3,8
513,20,1,2,1,10,1,4,1,3,1,6,3,2,1009,1,1,11,3,0,1,5,3,1,0,1,1
21,36,1,2,2,9,4,3,1,2,1,8,1,2,3407,7,0,23,4,0,10,4,3,5,3,0,3
495,27,1,2,2,2,1,3,1,3,1,8,1,0,3041,0,0,11,3,1,5,3,3,4,3,0,2
666,22,1,2,1,3,1,2,0,3,2,4,3,1,4171,0,1,19,3,1,4,3,4,3,2,0,2
780,28,1,0,1,24,2,2,1,2,3,0,1,2,8722,1,0,12,3,0,10,2,2,10,7,1,9
1442,29,1,2,1,1,4,1,1,3,1,6,4,1,4787,9,1,14,3,3,4,3,4,2,2,2,2
860,22,1,1,1,3,4,3,1,2,1,6,4,1,2853,0,1,11,3,1,1,5,3,0,0,0,0
34,24,1,2,1,1,3,2,1,3,1,6,4,1,2293,2,1,16,3,1,6,2,2,2,0,2,0
368,40,1,2,2,22,2,3,1,2,2,7,3,1,6380,2,1,12,3,2,8,6,3,6,4,1,0
725,35,1,2,1,14,4,3,1,2,1,2,2,0,3743,1,1,24,4,1,5,2,1,4,2,0,2
1332,29,1,1,1,24,2,4,1,2,1,6,4,2,2439,1,1,24,4,0,1,3,2,1,0,1,0
831,31,1,1,1,15,3,3,1,3,1,2,3,1,2610,1,0,12,3,1,2,5,2,2,2,2,2
744,37,1,2,1,11,2,1,0,1,2,0,2,1,4777,5,0,15,3,0,15,2,1,1,0,0,0
761,36,1,2,1,15,3,1,1,3,2,2,3,0,4834,7,0,14,3,1,9,3,2,1,0,0,0
1162,35,1,2,2,10,3,4,1,2,3,7,1,1,10306,9,0,17,3,0,15,3,3,13,12,6,0
871,24,1,2,1,17,2,4,0,3,1,2,2,1,2210,1,0,13,3,1,1,3,1,1,0,0,0
50,48,1,2,1,1,2,1,1,2,3,2,3,2,5381,9,1,13,3,0,23,2,3,1,0,0,0
779,51,1,2,1,4,4,1,1,3,1,6,3,1,2461,9,1,12,3,3,18,2,4,10,0,2,7
457,18,1,1,2,5,3,2,1,3,1,8,2,2,1878,1,1,14,3,0,0,3,3,0,0,0,0
849,43,1,2,2,9,3,1,0,1,2,7,3,2,5346,8,0,13,3,0,7,2,2,4,3,1,3
440,34,1,1,0,23,3,2,0,3,3,1,1,0,9950,9,1,15,3,3,11,2,3,3,2,0,2
828,18,1,0,1,8,1,3,1,3,1,2,3,2,1904,1,0,12,3,0,0,0,3,0,0,0,0
370,21,1,2,2,12,3,3,0,4,1,8,2,2,2716,1,0,15,3,0,1,0,3,1,0,0,0
662,20,1,2,2,2,3,3,0,2,1,8,3,2,2044,1,0,13,3,0,2,3,2,2,2,0,2
1007,29,1,1,1,14,1,3,0,3,3,0,4,2,7553,0,1,12,3,0,9,1,3,8,7,7,7
1204,48,1,1,2,7,2,4,0,3,1,8,3,1,2655,2,1,11,3,2,19,3,3,9,7,7,7
939,32,1,2,1,7,2,4,1,3,2,2,3,1,4883,1,0,18,3,1,10,3,3,10,4,1,1
1060,24,1,1,1,9,3,2,1,3,1,2,1,2,3172,2,1,11,3,0,4,2,2,0,0,0,0
236,33,1,2,1,2,2,1,0,3,1,2,1,1,2707,7,0,20,4,0,13,3,4,9,7,1,7
1354,56,1,2,1,24,2,1,1,3,1,2,4,2,2587,1,0,16,3,0,5,3,3,4,2,1,0
482,31,1,2,2,13,4,2,1,3,2,7,1,0,4233,2,0,17,3,0,9,2,1,3,1,1,2
1171,40,1,2,1,7,3,1,1,3,1,2,1,2,2166,3,1,14,3,0,10,3,1,4,2,0,3
1039,34,1,2,0,9,4,1,0,3,1,1,3,1,2742,1,0,15,3,0,2,0,3,2,2,2,2
42,26,1,2,1,25,3,1,1,1,1,2,3,2,2293,1,0,12,3,0,1,2,2,1,0,0,1
836,29,1,2,2,23,1,4,0,2,3,7,1,1,7336,1,0,13,3,1,11,3,1,11,8,3,10
323,28,1,2,1,2,4,1,1,1,1,6,4,1,3464,5,1,13,3,0,5,4,2,3,2,2,2
1249,29,1,2,2,9,3,2,0,1,1,8,2,2,2760,1,0,13,3,0,2,3,3,2,2,2,2
229,29,1,2,1,18,1,3,1,2,1,6,4,2,2389,1,1,13,3,0,4,3,2,4,3,0,1
568,55,1,2,1,2,3,4,1,3,5,3,1,1,19859,5,1,13,3,1,24,2,3,5,2,1,4
573,26,1,2,2,8,3,4,1,2,2,7,1,2,5326,6,0,17,3,0,6,2,2,4,3,1,2
363,33,1,2,2,5,3,4,0,3,1,8,3,2,2851,1,1,13,3,0,1,2,3,1,0,0,0
525,24,1,2,2,3,2,1,0,3,2,7,3,2,4577,9,0,14,3,0,4,3,3,2,2,2,0
463,26,1,2,1,24,3,3,1,1,1,2,4,2,2340,1,1,18,3,0,1,3,1,1,0,0,0
214,30,1,2,1,3,3,4,0,3,1,6,1,2,2657,5,1,11,3,0,8,5,3,5,2,0,4
1033,31,1,1,1,1,5,3,0,4,3,4,2,2,7446,1,0,11,3,0,10,2,3,10,8,4,7
791,35,1,2,2,4,3,4,1,3,3,7,1,2,9582,0,1,22,4,0,9,2,3,8,7,4,7
1291,37,1,2,1,10,4,4,1,3,2,4,1,2,4213,1,0,15,3,0,10,4,1,10,3,0,8
980,31,1,1,2,2,3,3,0,2,1,8,4,2,2785,7,0,14,3,0,3,3,4,1,0,0,0
932,29,1,2,1,7,3,2,0,3,1,2,3,0,3339,3,1,13,3,2,10,2,3,7,7,7,7
1255,33,1,2,2,16,3,1,0,3,3,7,1,2,8564,2,1,20,4,0,11,2,2,0,0,0,0
1110,35,1,2,1,2,3,1,0,3,1,2,1,0,2074,1,1,12,3,1,1,2,3,1,0,0,0
36,50,1,2,2,3,2,1,1,2,1,8,3,1,2683,1,1,14,3,0,3,2,3,3,2,0,2
585,23,1,2,1,6,3,3,1,4,1,2,1,1,1601,1,1,21,4,2,1,2,3,0,0,0,0
1375,32,1,1,1,5,2,1,0,4,1,6,3,2,2432,3,1,14,3,0,8,2,3,4,1,0,3
14,28,1,2,1,24,3,3,1,2,1,2,3,2,2028,5,1,14,3,0,6,4,3,4,2,0,3
1312,31,1,2,0,18,5,4,1,4,1,1,1,1,2956,0,0,17,3,0,2,4,3,1,0,0,0
414,24,1,2,2,1,1,1,0,3,1,8,2,2,3202,1,1,16,3,0,6,4,3,5,3,1,4
695,37,1,2,2,1,4,1,1,2,3,7,3,1,10609,5,0,11,3,0,17,2,1,14,1,11,7
1279,44,1,1,1,1,2,3,1,3,1,6,2,0,2342,1,1,12,3,3,6,2,2,5,3,2,3
800,28,1,1,1,1,3,1,1,2,1,2,2,0,2596,1,0,15,3,2,1,2,3,1,0,0,0
595,58,1,2,1,2,4,4,1,3,5,5,2,2,19246,7,1,12,3,0,40,2,3,31,15,13,8
776,20,1,1,2,9,3,4,0,3,1,8,4,2,2323,1,1,14,3,0,2,3,3,2,2,0,2
1136,28,1,2,1,24,3,3,1,3,1,2,2,1,2408,1,1,17,3,3,1,3,3,1,1,0,0
838,42,1,1,2,12,3,3,1,3,4,7,1,2,13758,0,1,12,3,0,22,2,2,21,9,13,14
789,44,1,2,0,1,2,2,1,2,3,1,1,1,10482,9,0,14,3,1,24,1,3,20,6,3,6
111,34,1,1,1,7,3,1,1,1,2,2,3,2,6074,1,1,24,4,0,9,3,3,9,7,0,6
911,25,1,1,2,24,1,3,1,1,1,8,4,2,1118,1,1,14,3,0,1,4,3,1,0,1,0
1057,29,1,1,2,13,3,1,0,3,2,7,2,2,5765,5,0,11,3,0,7,4,1,5,3,0,0
192,35,1,2,1,23,2,2,1,2,2,4,3,1,5916,3,1,13,3,0,8,1,3,1,0,0,1
24,34,1,2,1,6,1,2,1,3,1,6,1,2,2960,2,0,11,3,0,8,2,3,4,2,1,3
1333,46,1,2,2,10,3,3,0,3,3,7,2,1,7314,5,0,21,4,3,14,2,3,8,7,0,7
966,58,1,2,1,7,4,3,0,2,3,4,1,1,10008,7,1,14,3,0,31,0,2,10,9,5,9
1297,26,1,2,0,20,2,4,0,3,1,1,2,1,2148,0,1,11,3,0,6,3,3,5,1,1,4
45,41,1,2,1,12,3,2,0,3,5,5,3,1,19545,1,0,12,3,0,23,0,3,22,15,15,8
1201,23,1,2,1,8,1,4,1,2,1,2,3,2,3989,1,1,11,3,0,5,2,3,5,4,1,2
378,34,1,0,2,19,3,1,1,4,2,7,4,2,5304,8,1,13,3,0,9,3,2,5,2,0,4
1213,23,1,2,2,7,3,3,1,3,1,8,4,0,2275,1,1,21,4,1,3,2,3,3,2,0,2
216,30,1,1,2,26,4,3,0,2,2,7,1,2,6696,5,0,15,3,0,9,5,2,6,3,0,1
1036,31,1,1,1,2,3,2,1,3,1,2,4,1,3722,6,1,13,3,1,7,2,1,2,2,2,2
177,19,1,2,1,2,3,2,1,2,1,2,4,2,1102,1,0,22,4,0,1,3,2,1,0,1,0
864,41,1,0,1,5,2,1,1,2,1,6,1,0,2107,6,0,17,3,1,5,2,1,1,0,0,0
504,45,1,1,2,26,4,1,0,3,2,7,1,1,4286,2,0,14,3,2,5,4,3,1,1,0,0
752,36,1,2,1,16,4,3,0,4,1,2,1,2,2743,1,0,16,3,0,18,1,3,17,13,15,14
1313,29,1,2,0,13,3,1,1,2,1,1,1,0,2335,4,1,15,3,3,4,3,3,2,2,2,0
271,47,1,0,1,29,4,1,1,3,3,3,2,1,11849,1,1,12,3,1,10,2,2,10,7,9,9
382,26,1,1,1,3,1,3,1,3,1,6,1,2,3102,0,0,22,4,0,7,2,3,6,4,0,4
210,32,1,2,2,4,4,4,1,1,3,7,4,1,10400,1,0,11,3,0,14,2,2,14,8,9,8
122,56,1,2,1,14,4,2,0,3,1,6,2,1,4963,9,1,18,3,3,7,2,3,5,4,4,3
813,39,1,1,1,2,3,1,1,3,4,0,4,0,12169,7,0,11,3,3,21,4,3,18,7,11,5
940,39,1,2,1,23,3,3,1,3,1,6,1,2,3904,0,0,13,3,0,6,2,3,5,2,0,3
234,33,1,2,1,14,3,3,1,3,1,2,4,1,2436,5,1,13,3,1,8,2,1,5,4,0,4
100,37,1,2,0,6,4,3,1,3,1,1,1,0,2073,4,1,22,4,0,7,3,3,3,2,0,2
700,58,1,2,1,2,3,4,1,3,1,6,3,2,2479,4,0,24,4,0,7,4,3,1,0,0,0
1438,23,1,1,2,9,3,4,1,3,1,8,1,1,1790,1,0,19,3,1,1,3,2,1,0,1,0
614,26,1,1,1,5,2,3,0,2,1,6,3,1,2366,1,1,14,3,1,8,2,3,8,7,1,7
1298,46,1,2,1,21,2,4,0,3,2,0,2,1,8926,4,0,22,4,1,13,2,4,9,7,3,7
1369,28,1,2,2,13,2,4,0,3,2,7,3,2,9854,3,1,11,3,0,6,0,3,2,0,2,2
1262,43,1,1,1,17,3,3,1,2,1,6,3,1,2437,9,1,16,3,1,6,4,3,1,0,0,0
801,50,1,1,2,1,4,4,1,3,2,7,3,2,4728,3,1,14,3,0,5,4,3,0,0,0,0
205,29,1,2,2,27,3,2,0,3,3,7,4,1,7639,1,0,22,4,3,10,3,2,10,4,1,9
792,33,1,1,1,29,4,1,0,2,2,6,3,2,4508,1,0,22,4,0,14,4,3,13,7,3,8
1111,53,1,2,1,2,5,3,0,2,3,4,4,1,10169,0,0,16,3,1,34,4,3,33,7,1,9
762,26,1,1,1,2,3,1,1,3,1,6,1,1,2042,6,1,14,3,1,6,2,3,3,2,1,2
1338,30,1,2,2,9,3,2,1,3,1,8,4,2,1081,1,0,13,3,0,1,3,2,1,0,0,0
140,32,1,2,1,9,3,1,0,3,1,2,1,2,4200,7,0,22,4,0,10,2,4,5,4,0,4
1365,29,1,1,2,24,3,3,1,4,1,8,1,2,1091,1,0,17,3,0,1,3,3,1,0,0,0
985,31,1,2,1,22,4,4,1,3,2,4,3,1,6179,1,1,15,3,2,10,3,2,10,2,6,7
1290,34,1,1,1,9,4,4,1,3,2,2,1,1,5346,4,0,17,3,1,11,3,2,7,1,0,7
469,32,1,0,2,11,4,4,1,4,2,7,3,1,4707,8,0,12,3,0,6,2,3,4,2,1,2
1271,21,1,2,2,7,1,2,1,3,1,8,2,2,2679,1,0,13,3,0,1,3,3,1,0,1,0
69,36,1,2,1,9,3,4,1,2,1,6,3,1,3388,0,1,17,3,1,2,0,2,1,0,0,0
1326,32,1,2,2,2,4,3,1,2,2,7,2,2,9907,7,1,12,3,0,7,3,2,2,2,2,2
528,50,1,1,2,8,2,2,1,3,2,7,3,1,6796,3,1,14,3,1,18,4,3,4,3,1,3
796,25,1,2,1,4,1,4,1,3,1,2,4,1,3691,1,1,15,3,1,7,3,4,7,7,5,6
217,29,1,2,1,1,3,3,1,3,1,6,3,2,2058,0,0,14,3,0,7,1,2,6,2,1,5
453,26,1,1,0,17,4,2,0,3,1,1,3,0,2741,0,1,11,3,1,8,2,2,7,7,1,0
415,34,1,1,2,6,2,4,0,1,1,8,3,0,2351,0,0,16,3,1,3,3,2,2,2,1,0
688,19,1,2,2,21,3,4,1,2,1,8,2,2,2121,1,1,13,3,0,1,3,4,1,0,0,0
327,39,1,2,2,3,2,4,0,3,2,7,3,1,5238,4,1,18,3,0,12,3,2,1,0,0,0
915,21,1,1,1,10,2,1,0,2,1,2,3,2,2625,1,0,20,4,0,2,2,1,2,2,2,2
480,30,1,1,2,12,4,2,1,2,1,8,1,1,2033,1,0,18,3,1,1,2,4,1,0,0,0
514,33,1,1,1,3,3,1,1,3,1,6,1,2,3348,1,1,11,3,0,10,3,3,10,8,9,7
182,41,1,2,2,20,2,2,0,3,1,8,2,2,3140,1,1,22,4,0,4,5,2,4,3,0,2
689,20,1,2,1,4,3,1,1,3,1,2,1,2,2973,1,0,19,3,0,1,2,3,1,0,0,0
296,18,1,2,1,3,3,3,1,3,1,2,3,2,1420,1,0,13,3,0,0,2,3,0,0,0,0
607,49,1,2,2,11,3,3,0,3,3,7,4,1,7654,1,0,18,3,2,9,3,4,9,8,7,7
797,26,1,2,1,21,3,1,1,3,1,2,3,0,2377,1,0,20,4,1,1,0,2,1,1,0,0
1257,31,1,2,2,16,4,1,1,3,3,7,3,1,8161,2,0,13,3,3,10,2,3,1,0,0,0
540,28,1,2,1,1,2,1,0,1,1,6,2,2,2216,7,1,13,3,0,10,4,3,7,7,3,7
589,29,1,2,1,1,2,2,0,2,1,2,1,1,2319,1,1,11,3,1,1,1,3,1,0,0,0
1012,31,1,1,2,1,4,2,0,1,1,8,3,2,1359,1,0,12,3,0,1,3,3,1,0,0,0
947,52,1,2,2,5,3,2,1,3,3,7,2,2,8446,9,1,19,3,0,10,2,2,8,7,7,7
720,30,1,2,1,22,3,1,0,3,1,6,3,1,2132,4,1,11,3,0,7,2,3,5,2,0,1
1353,34,1,0,1,16,4,4,1,1,1,6,1,1,2307,1,1,23,4,1,5,2,3,5,2,3,0
1056,28,1,1,2,1,3,1,1,3,1,8,3,1,2909,3,0,15,3,1,5,3,4,3,2,1,2
421,29,1,2,1,25,5,3,0,2,1,6,2,1,2546,5,0,16,3,0,6,2,4,2,2,1,1
259,31,1,1,1,29,2,3,1,2,1,2,2,2,3479,0,0,11,3,0,6,2,4,5,4,1,4
1031,46,1,2,2,9,3,1,1,3,3,7,4,0,10096,4,0,11,3,1,28,1,4,7,7,4,3
842,28,1,2,1,12,1,3,0,3,1,2,4,1,2515,1,1,11,3,0,1,4,2,1,1,0,0
1339,22,1,2,1,7,1,4,1,3,1,6,2,2,2472,1,1,23,4,0,1,2,3,1,0,0,0
591,33,1,2,2,16,3,1,0,3,2,7,1,2,5324,5,0,15,3,0,6,3,3,3,2,0,2
0,41,1,2,2,1,2,2,0,3,2,7,4,2,5993,8,1,11,3,0,8,0,1,6,4,0,5
171,19,1,1,2,1,1,3,0,1,1,8,1,2,2325,0,0,21,4,0,1,5,4,0,0,0,0
748,26,1,0,2,29,2,2,1,1,2,7,1,2,4969,8,0,18,3,0,7,6,3,2,2,2,2
913,45,1,2,2,2,3,1,0,1,5,3,2,2,18824,2,1,16,3,0,26,2,3,24,10,1,11
250,37,1,1,1,10,3,1,1,3,3,4,3,0,10048,6,0,11,3,2,17,5,3,1,0,0,0
443,22,1,1,1,4,1,3,1,2,1,2,3,2,3894,5,0,16,3,0,4,3,3,2,2,1,2
264,28,1,2,1,2,4,1,1,3,1,2,3,2,3485,2,0,11,3,0,5,5,1,0,0,0,0
51,28,1,2,1,5,4,3,1,3,1,2,3,2,3441,1,1,13,3,0,2,3,2,2,2,2,2
107,25,1,2,2,5,3,3,1,2,2,7,3,2,5744,1,1,11,3,0,6,1,3,6,4,0,3
1083,40,1,2,1,9,4,4,1,3,1,2,1,2,2018,3,0,14,3,0,15,3,1,5,4,1,0
1205,32,1,2,1,2,4,4,1,3,1,2,2,2,1393,1,0,12,3,0,1,2,3,1,0,0,0
711,29,1,2,1,10,3,4,0,2,1,6,1,2,2404,6,1,20,4,0,3,5,3,0,0,0,0
749,52,1,2,2,2,1,1,0,1,5,3,4,1,19845,1,0,15,3,1,33,3,3,32,14,6,9
1246,30,1,1,0,8,3,3,0,2,1,1,4,0,2180,6,0,11,3,1,6,0,2,4,2,1,2
562,33,1,2,1,1,4,4,1,3,1,6,4,2,2686,1,1,13,3,0,10,2,2,10,9,7,8
1395,31,1,1,2,26,4,1,1,3,2,7,4,1,5617,1,1,11,3,0,10,4,3,10,7,0,8
706,40,1,0,2,24,3,2,0,4,4,7,2,2,13194,4,1,16,3,0,22,2,2,1,0,0,0
422,19,1,2,0,2,2,1,1,2,1,1,4,2,2564,1,0,12,3,0,1,3,4,1,0,0,0
1068,28,1,1,1,2,2,3,1,2,1,2,1,2,2561,7,0,11,3,0,8,2,2,0,0,0,0
946,40,1,2,2,25,4,4,1,2,3,7,2,2,9094,2,1,12,3,0,9,2,3,5,4,1,0
709,31,1,0,1,9,2,3,1,2,1,6,1,2,2321,0,1,22,4,0,4,0,3,3,2,1,2
439,31,1,1,1,20,3,1,1,3,3,0,3,1,9824,3,0,12,3,0,12,2,3,1,0,0,0
879,60,0,2,2,7,4,2,1,4,2,7,4,0,5220,0,1,18,3,1,12,3,3,11,7,1,9
465,46,0,1,1,18,1,1,0,3,3,0,3,1,10527,5,0,11,3,0,28,3,2,2,2,1,2
101,32,0,2,1,1,1,4,1,3,1,6,1,2,2956,1,0,13,3,0,1,2,3,1,0,0,0
254,29,0,2,2,20,2,4,1,3,2,7,4,0,6931,2,0,14,3,1,10,2,3,3,2,0,2
91,51,0,2,2,21,4,3,1,3,2,7,4,2,5441,0,1,22,4,0,11,2,1,10,7,1,0
1073,28,0,2,1,29,1,3,1,1,2,4,2,1,6549,1,0,14,3,2,8,2,2,8,6,1,7
252,29,0,2,1,15,3,3,1,3,1,6,4,2,2340,1,0,19,3,0,6,1,3,6,5,1,5
806,52,0,2,1,7,4,2,1,3,3,0,2,2,10445,7,0,19,3,0,18,4,3,8,6,4,0
790,33,0,2,1,5,3,4,1,2,3,0,4,0,7119,4,0,15,3,1,9,2,3,3,2,1,2
406,52,0,2,1,3,3,4,1,2,3,4,3,1,7969,2,1,14,3,0,28,4,3,5,4,0,4
488,42,0,2,1,2,4,3,0,3,2,0,4,1,4089,1,0,13,3,2,10,4,3,10,2,2,2
477,50,0,1,0,3,3,1,1,3,5,3,2,1,18200,1,0,11,3,1,32,2,3,32,5,10,7
670,27,0,2,1,4,3,2,0,3,1,6,3,2,2318,1,0,19,3,0,1,2,3,1,1,0,0
881,32,0,1,1,2,2,4,0,3,2,6,3,2,4998,4,1,14,3,0,10,2,3,8,7,0,7
988,41,0,1,1,22,3,4,0,3,2,6,4,0,5467,3,1,14,3,2,12,4,2,6,2,3,3
20,24,0,0,1,11,2,1,0,4,2,4,3,0,4011,0,0,18,3,1,5,5,2,4,2,1,3
139,30,0,2,0,9,3,3,1,3,2,1,4,1,6347,0,1,19,3,0,12,2,1,11,9,4,7
728,54,0,2,1,17,3,3,0,3,3,4,3,1,10739,8,0,11,3,1,22,2,3,10,7,0,8
809,28,0,2,1,3,3,4,0,3,3,4,2,0,7655,0,0,17,3,3,10,3,2,9,7,1,7
419,30,0,0,1,3,3,3,1,3,1,2,4,1,2097,4,0,15,3,1,9,3,1,5,3,1,4
1449,32,0,2,1,2,3,4,1,3,1,6,1,2,2439,1,0,14,3,0,4,4,3,4,2,1,2
626,32,0,2,1,8,2,3,0,4,2,6,3,1,5175,5,0,12,3,1,9,3,2,5,3,1,3
823,29,0,1,1,10,3,4,0,3,1,6,2,0,3291,0,0,14,3,2,8,2,2,7,5,1,1
1150,35,0,2,1,18,5,2,1,4,2,6,1,1,5208,1,0,11,3,0,16,2,3,16,15,1,10
1152,21,0,2,1,5,1,3,1,3,1,6,4,2,3117,1,0,18,3,0,3,2,3,2,2,2,2
1114,48,0,2,1,15,4,3,0,3,1,6,1,1,2367,8,0,12,3,1,10,3,2,8,2,7,6
870,35,0,2,2,17,4,3,1,3,2,7,1,1,8966,3,1,15,3,3,15,2,3,7,7,1,7
1231,46,0,2,1,13,4,3,1,3,2,0,2,2,5562,6,0,14,3,0,19,3,3,10,7,0,9
212,27,0,1,2,20,3,4,0,3,2,7,3,2,9981,1,0,14,3,0,7,2,3,7,7,0,7
442,36,0,0,2,10,4,2,1,3,3,7,4,2,9980,1,0,14,3,0,10,3,2,10,3,9,7
396,43,0,2,1,8,4,3,0,3,2,0,3,0,4522,4,1,14,3,0,8,3,3,5,2,0,2
243,40,0,2,1,24,2,1,1,3,2,6,4,0,3319,1,0,17,3,2,9,3,3,9,8,4,7
220,36,0,2,1,5,2,4,1,3,2,2,2,2,5914,8,0,16,3,0,16,3,4,13,11,3,7
37,35,0,2,2,2,3,4,0,3,1,8,4,1,2014,1,0,13,3,0,2,3,3,2,2,2,2
128,22,0,2,1,2,1,3,1,3,1,2,4,1,2523,0,0,14,3,1,3,2,3,2,1,2,1
29,46,0,2,2,2,4,2,0,3,5,3,1,2,18947,3,0,12,3,0,22,2,2,2,2,2,1
1377,49,0,1,1,2,1,2,1,3,5,5,4,1,19161,3,0,15,3,0,28,3,3,5,4,4,3
473,49,0,2,1,18,4,4,1,2,5,5,3,0,19502,1,1,17,3,1,31,5,3,31,9,0,9
48,46,0,1,2,5,4,1,1,3,2,7,4,2,5772,4,1,21,4,0,14,4,3,9,6,0,8
276,35,0,2,1,22,3,2,0,4,3,3,2,0,11996,7,0,18,3,1,10,6,2,7,7,6,2
511,36,0,2,1,9,2,2,1,2,2,4,2,0,8847,2,1,11,3,1,13,2,3,3,2,0,2
181,34,0,2,1,27,2,4,0,3,1,6,2,2,2311,2,0,15,3,0,9,3,3,3,2,1,2
596,35,0,2,1,1,4,4,0,4,1,6,3,2,2506,3,0,13,3,0,7,0,3,2,2,2,2
448,40,0,2,1,6,3,2,0,3,4,4,3,2,13237,7,0,15,3,0,22,3,3,20,6,5,13
93,46,0,1,1,1,3,3,1,2,3,0,1,1,10673,2,1,13,3,1,21,5,2,10,9,9,5
1225,45,0,2,1,28,2,4,0,2,4,5,2,2,16704,1,0,11,3,0,21,2,3,21,6,8,6
407,45,0,2,1,10,2,1,1,3,1,6,4,1,2654,3,0,21,4,2,8,3,2,2,2,0,2
244,45,0,2,1,1,3,3,1,4,5,3,4,1,19202,0,0,11,3,1,25,2,3,24,0,1,7
372,35,0,2,1,9,4,3,1,2,2,0,2,2,6540,9,0,19,3,0,10,5,3,1,1,0,0
1123,35,0,2,1,10,4,1,0,3,2,0,3,2,6142,3,1,16,3,0,10,4,3,5,2,0,4
1023,56,0,2,1,1,2,1,0,3,1,6,1,1,2066,2,0,22,4,1,5,3,4,3,2,1,0
103,34,0,2,1,6,4,1,0,3,2,6,3,2,4809,1,0,14,3,0,16,3,3,16,13,2,10
509,33,0,1,1,6,3,3,1,3,2,0,4,0,7725,3,0,23,4,1,15,2,1,13,11,4,7
410,30,0,2,1,2,3,3,0,1,2,4,4,2,6091,2,0,20,4,0,11,2,3,5,4,0,2
745,55,0,1,1,18,4,3,1,3,2,0,2,1,6385,3,1,14,3,2,17,3,3,8,7,6,7
1322,46,0,2,1,2,2,4,1,3,3,4,4,0,8578,3,0,14,3,1,12,4,2,9,8,4,7
503,34,0,2,1,1,5,2,1,3,1,6,4,1,2691,1,0,12,3,1,10,4,2,10,9,8,8
374,28,0,2,2,9,4,2,1,3,2,7,4,2,5253,1,0,16,3,0,7,1,3,7,5,0,7
166,41,0,2,1,14,3,1,1,3,1,6,3,0,2451,4,0,12,3,1,13,2,3,9,8,1,8
558,32,0,1,1,24,4,1,1,3,2,2,4,1,5309,1,0,15,3,2,10,2,3,10,8,4,7
1163,37,0,2,1,10,3,2,0,3,1,6,2,1,3936,1,0,11,3,1,8,2,1,8,4,7,7
364,37,0,2,1,10,3,3,0,3,1,2,1,1,3452,6,0,20,4,1,17,3,3,5,4,0,3
1087,34,0,2,2,7,2,2,1,3,1,8,3,1,2308,0,1,25,4,1,12,4,3,11,10,5,7
298,36,0,1,1,18,4,3,1,4,1,2,4,1,3688,4,0,18,3,2,4,2,3,1,0,0,0
1363,33,0,2,2,10,4,2,1,3,2,7,3,2,5487,1,0,14,3,0,10,2,2,10,4,0,9
903,29,0,2,1,7,3,3,1,3,2,0,4,0,6623,1,1,11,3,2,6,2,3,6,0,1,0
255,25,0,2,1,1,3,1,0,3,2,4,3,1,4898,0,0,12,3,2,5,3,3,4,2,1,2
1264,55,0,2,1,2,3,3,1,2,5,5,1,1,19038,8,0,12,3,3,34,2,3,1,0,0,0
542,38,0,2,1,1,3,3,0,3,3,4,3,2,7861,4,1,14,3,0,10,4,4,1,0,0,0
1094,40,0,2,2,9,2,1,1,3,2,7,1,1,5473,0,0,12,3,0,9,5,4,8,4,7,1
13,34,0,2,1,19,2,2,1,3,1,2,4,0,2661,0,0,11,3,1,3,2,3,2,2,1,2
1382,31,0,0,1,3,2,3,1,3,1,6,1,0,3065,1,1,13,3,1,4,3,4,4,2,2,3
1261,38,0,2,1,18,3,2,1,1,2,0,4,1,5811,3,1,16,3,1,15,2,3,1,0,1,0
1392,35,0,2,2,7,4,3,0,3,2,7,4,1,5204,1,1,11,3,0,10,2,3,10,8,0,9
1099,45,0,2,1,1,4,1,1,3,3,0,2,0,7441,1,0,12,3,3,10,4,3,10,8,7,7
1194,47,0,2,2,2,4,2,0,4,4,3,2,0,15972,6,0,14,3,3,29,2,3,3,2,1,2
294,37,0,1,1,9,3,2,1,3,1,6,4,1,2326,1,1,12,3,3,4,3,2,4,2,1,2
1176,49,0,2,1,22,4,1,0,3,4,5,2,1,16413,3,0,16,3,2,27,2,3,4,2,1,2
373,27,0,2,1,1,2,4,1,3,1,2,2,0,3816,1,0,11,3,1,5,2,3,5,2,0,4
1341,31,0,2,1,20,3,2,1,3,2,2,3,0,4197,1,0,11,3,1,10,2,3,10,8,0,2
769,26,0,1,1,1,1,1,0,2,1,6,3,0,2007,1,0,13,3,2,5,5,3,5,3,1,3
637,32,0,0,1,1,3,4,1,3,1,2,4,0,2314,0,0,12,3,1,4,2,3,3,0,0,2
311,45,0,1,1,7,3,1,1,3,3,2,1,0,5210,1,0,18,3,1,24,2,3,24,9,9,11
535,41,0,2,0,10,4,2,1,2,5,3,4,0,19141,3,0,15,3,3,23,2,2,21,6,12,6
726,31,0,1,1,1,1,3,0,3,2,4,1,1,4148,1,0,12,3,1,4,1,3,4,3,0,3
1143,45,0,0,2,26,3,1,1,2,2,7,1,1,4385,1,0,15,3,1,10,2,3,10,7,4,5
786,27,0,0,1,8,5,1,1,1,1,2,3,1,4621,1,0,19,3,3,3,4,3,3,2,1,2
142,38,0,2,1,3,5,4,0,3,2,6,3,2,4317,3,1,20,4,0,19,2,3,3,2,2,2
464,37,0,2,1,1,3,2,0,3,3,4,4,2,7491,4,0,17,3,0,12,3,4,6,5,1,2
890,54,0,1,1,1,4,4,0,3,3,4,3,0,10502,7,0,17,3,1,33,2,1,5,4,1,4
1049,30,0,2,2,16,1,4,1,3,2,7,3,1,5301,8,0,15,3,2,4,2,2,2,1,2,2
702,30,0,2,2,8,2,3,1,3,3,7,3,0,7264,5,0,11,3,1,10,2,4,8,4,7,7
231,42,0,2,1,4,2,3,1,3,5,3,4,1,19232,1,0,11,3,0,22,3,3,22,17,11,15
314,39,0,2,1,10,1,3,1,3,4,3,1,1,17068,1,1,14,3,0,21,3,3,21,9,11,10
908,33,0,2,2,10,5,4,1,4,3,7,3,0,8380,0,1,14,3,2,10,3,3,9,8,0,8
812,43,0,1,1,27,3,3,0,3,3,4,1,1,10820,8,0,11,3,1,18,1,3,8,7,0,1
1071,49,0,2,1,3,2,3,0,2,2,2,1,1,4789,4,0,25,4,1,10,3,3,3,2,1,2
1161,38,0,2,1,2,2,4,0,2,3,4,3,1,7756,3,1,19,3,1,10,6,4,5,4,0,2
369,31,0,2,1,9,4,3,1,2,1,6,2,2,2657,0,1,16,3,0,3,5,3,2,2,2,2
211,30,0,0,1,1,1,3,1,2,3,4,3,2,8474,1,0,22,4,0,12,2,3,11,8,5,8
109,22,0,2,1,15,3,2,0,3,1,2,4,2,2871,1,0,15,3,0,1,5,3,0,0,0,0
993,25,0,2,2,18,1,1,1,4,2,7,3,1,6232,2,0,11,3,0,6,3,2,3,2,1,2
1158,37,0,2,1,19,3,3,1,3,2,4,3,1,5768,3,0,17,3,3,9,2,2,4,3,0,2
1247,31,0,2,2,5,3,1,1,3,2,7,3,1,8346,1,0,19,3,1,6,3,3,5,2,0,2
1263,42,0,2,1,12,3,2,1,3,1,2,2,0,2766,8,0,22,4,3,7,6,2,5,3,0,4
424,57,0,2,2,29,3,1,1,2,4,3,4,0,14118,3,0,12,3,1,32,3,2,1,0,0,0
740,35,0,2,1,10,3,2,1,3,1,2,4,0,3917,1,0,20,4,1,3,4,2,3,2,1,2
1409,40,0,1,1,11,3,4,0,3,2,2,3,1,6323,1,0,11,3,1,10,2,4,10,9,9,4
9,36,0,2,1,27,3,3,1,3,2,0,3,1,5237,6,0,13,3,2,17,3,2,7,7,7,7
452,45,0,2,2,2,3,4,1,3,2,7,2,1,4805,0,0,19,3,1,9,3,4,8,7,3,7
1064,30,0,2,0,1,3,3,1,3,1,1,3,0,2064,0,0,21,4,1,6,3,4,5,3,1,3
1284,39,0,2,1,10,1,3,1,3,3,5,3,2,13464,7,0,21,4,0,9,3,3,4,3,2,2
721,50,0,2,1,24,3,4,1,3,4,4,3,1,13973,3,1,18,3,1,22,2,3,12,11,1,5
621,36,0,2,2,1,2,2,1,3,2,7,4,1,6201,1,1,14,3,1,18,1,2,18,14,4,11
1400,38,0,1,0,1,4,4,1,3,1,1,2,1,2991,0,1,11,3,1,7,2,3,6,2,1,2
399,31,0,2,1,1,2,4,1,2,1,2,1,1,2218,1,0,12,3,1,4,3,3,4,2,3,2
178,46,0,2,2,1,2,2,0,3,3,7,1,0,10453,1,0,25,4,3,24,2,3,24,13,15,7
411,60,0,2,1,7,3,1,0,3,5,3,1,1,19566,5,0,11,3,0,33,5,1,29,8,11,10
916,46,0,2,2,4,2,4,0,2,5,3,2,1,18789,2,0,14,3,1,26,2,3,11,4,0,8
274,21,0,2,1,3,2,4,1,2,1,6,3,2,3230,1,0,17,3,0,3,4,4,3,2,1,0
1318,29,0,1,1,20,1,4,1,3,1,2,4,1,3812,1,0,13,3,0,11,3,4,11,8,3,10
502,53,0,2,2,1,1,4,0,3,2,7,1,2,8381,7,0,20,4,0,18,2,4,14,7,8,10
1434,52,0,0,2,29,4,1,1,3,1,8,4,0,3482,2,0,15,3,2,16,3,2,9,8,0,0
1431,32,0,2,2,1,4,3,0,3,3,7,4,1,10422,1,0,19,3,2,14,3,3,14,10,5,7
774,55,0,0,1,2,1,3,1,2,4,3,1,2,16756,7,0,15,3,0,31,3,4,9,7,6,2
5,32,0,1,1,2,2,4,1,3,1,2,4,2,3068,0,0,13,3,0,8,2,2,7,7,3,6
624,53,0,2,2,7,2,1,0,2,3,7,4,1,10934,7,1,18,3,1,35,3,3,5,2,0,4
151,35,0,2,2,1,5,3,1,3,3,7,2,1,7295,1,0,13,3,2,10,3,3,10,8,0,6
247,34,0,2,1,2,4,4,1,2,2,4,1,1,5957,6,0,13,3,1,13,3,3,11,9,5,9
521,27,0,1,2,3,1,4,0,4,2,7,4,0,4647,1,1,20,4,2,6,3,3,6,5,0,4
342,31,0,2,1,7,4,3,0,3,3,4,4,2,7143,1,1,14,3,0,11,2,2,11,9,4,10
827,28,0,1,1,6,3,3,1,2,1,6,3,0,2703,1,1,14,3,1,3,2,3,3,1,0,2
785,40,0,2,1,20,4,1,1,3,3,0,4,1,10322,4,0,20,4,1,14,6,3,11,10,11,1
578,38,0,1,1,2,4,1,0,4,2,4,1,2,5980,6,1,12,3,0,17,2,3,15,7,4,12
308,58,0,0,1,1,4,4,1,1,2,0,3,0,5660,2,1,13,3,1,12,2,3,5,3,1,2
474,24,0,2,1,23,3,2,1,4,1,6,4,1,2725,1,1,11,3,2,6,3,3,6,5,1,4
998,26,0,2,1,2,1,1,1,2,1,6,4,2,3904,0,0,12,3,0,5,2,3,4,3,1,1
986,39,0,2,2,21,4,1,1,2,2,7,4,1,6120,3,1,12,3,2,8,2,4,5,4,1,4
303,31,0,2,2,7,3,2,1,4,2,7,4,1,6929,4,0,11,3,1,10,3,2,8,7,7,7
170,27,0,2,1,17,3,3,1,3,1,6,2,1,3058,0,1,16,3,1,6,3,2,5,2,1,1
416,38,0,1,1,2,2,4,1,3,1,2,4,1,1702,1,1,23,4,1,1,3,3,1,0,0,0
383,22,0,2,1,11,3,1,0,3,1,6,2,1,2244,1,0,13,3,1,2,1,3,2,1,1,2
1295,41,0,2,2,4,1,3,0,3,3,7,3,0,10447,0,1,13,3,1,23,3,4,22,14,13,5
718,45,0,0,1,23,2,4,1,3,2,2,1,1,3633,1,1,15,3,1,9,2,3,9,8,0,8
552,56,0,2,1,9,3,3,1,3,4,0,4,1,11103,7,0,11,3,0,30,1,2,10,7,1,1
391,40,0,2,1,2,3,2,0,2,2,2,3,1,3448,6,0,22,4,1,20,3,3,1,0,0,0
1002,35,0,1,1,18,2,3,1,3,3,4,4,2,9362,2,0,11,3,0,10,2,3,2,2,2,2
708,36,0,0,2,8,4,1,1,3,2,7,4,0,5079,4,0,13,3,2,12,3,3,7,7,0,7
389,37,0,2,1,10,4,3,1,3,2,4,2,2,4197,2,1,12,3,0,18,2,2,1,0,0,1
1286,40,0,2,1,2,2,3,0,3,1,2,1,1,3377,4,0,17,3,1,7,5,2,4,3,0,2
1118,26,0,2,1,3,3,1,0,3,1,6,4,1,2061,1,0,21,4,0,1,5,3,1,0,0,0
1097,24,0,2,1,21,2,3,1,2,1,2,1,0,2296,0,0,14,3,3,2,3,3,1,1,0,0
355,26,0,2,2,1,3,3,1,3,2,7,3,1,5296,1,0,17,3,1,8,3,3,8,7,7,7
543,44,0,0,1,24,3,1,1,1,1,2,3,2,3708,2,0,14,3,0,9,5,3,5,2,1,4
1215,35,0,1,1,2,4,1,1,2,1,6,4,2,4930,0,1,14,3,0,6,2,4,5,4,1,4
1362,45,0,1,1,1,4,2,1,3,2,0,3,2,5399,4,0,12,3,0,12,3,3,4,2,0,3
635,35,0,2,1,9,3,4,0,2,3,4,3,1,10685,1,1,20,4,1,17,2,3,17,14,5,15
1116,55,0,2,2,26,5,3,1,2,5,3,4,1,19586,1,0,21,4,1,36,3,3,36,6,2,13
72,31,0,2,1,1,4,3,1,3,1,6,2,2,2501,1,0,17,3,0,1,4,3,1,1,1,0
820,35,0,1,2,11,2,4,1,3,2,7,4,0,4968,1,0,11,3,1,5,3,3,5,2,0,2
468,52,0,2,1,6,2,4,1,3,2,6,1,0,5577,3,1,12,3,2,18,3,3,10,9,6,9
1435,44,0,2,1,1,3,2,1,3,1,6,4,2,2436,6,1,12,3,0,6,2,3,4,3,1,2
408,52,0,2,1,4,2,4,0,3,4,3,4,1,16555,2,0,13,3,0,31,2,1,5,2,1,4
1289,38,0,0,0,2,3,1,1,3,1,1,2,0,2592,5,0,13,3,3,13,3,3,11,10,3,8
492,48,0,2,1,1,4,4,0,2,4,3,1,1,15402,7,0,11,3,1,21,3,1,3,2,0,2
335,40,0,2,2,1,2,2,1,1,2,7,4,1,7457,2,1,22,4,3,6,2,2,4,3,0,2
995,43,0,2,1,6,3,1,0,2,2,6,3,2,4081,1,1,14,3,0,20,3,1,20,7,1,8
345,23,0,2,1,26,1,3,1,3,1,6,4,0,2904,1,0,12,3,2,4,2,2,4,2,0,2
49,35,0,2,1,8,1,4,1,4,1,2,4,1,2269,1,0,19,3,0,1,2,3,1,0,0,1
1120,38,0,2,2,16,3,2,0,3,2,7,2,2,4198,2,0,12,3,0,8,5,4,3,2,1,2
1429,39,0,2,1,24,1,1,1,3,2,6,4,2,4108,7,0,13,3,0,18,2,3,7,7,1,7
868,28,0,2,1,19,4,4,1,2,1,2,1,1,3196,1,0,12,3,3,6,2,3,6,5,3,3
1285,46,0,0,2,26,2,2,1,2,2,7,2,2,7991,8,0,15,3,0,6,3,3,2,2,2,2
1067,47,0,2,2,14,3,3,0,3,2,7,3,1,4591,3,1,17,3,1,11,4,2,5,4,1,2
290,49,0,1,1,10,4,3,0,3,5,5,1,2,18665,9,1,11,3,0,22,4,3,3,2,1,2
1228,41,0,0,0,4,3,3,1,1,2,1,2,1,6430,6,0,19,3,1,10,4,3,3,2,1,2
160,22,0,2,1,19,1,3,1,3,1,6,4,1,2323,1,0,24,4,2,2,6,3,2,2,2,2
180,31,0,2,1,12,1,3,0,3,1,6,4,1,3929,8,1,23,4,1,7,0,3,4,2,0,2
963,38,0,2,2,2,2,2,0,3,2,7,1,0,6893,3,0,15,3,1,11,3,3,7,7,1,7
1451,38,0,2,2,10,2,1,0,3,2,7,4,1,5343,1,0,11,3,1,10,1,3,10,7,1,9
260,32,0,1,1,7,3,2,1,4,1,2,2,1,2794,1,0,20,4,0,5,3,1,5,1,0,3
388,42,0,2,1,1,4,2,0,3,1,2,1,0,2576,3,0,16,3,1,8,5,3,5,2,1,2
68,35,0,1,1,1,3,2,1,3,1,6,1,1,2194,4,0,13,3,1,5,2,2,3,2,1,2
1169,27,0,2,1,8,3,2,0,4,1,6,3,1,3517,7,0,17,3,0,5,0,3,3,2,0,2
173,30,0,0,1,9,3,3,1,3,2,2,1,0,3072,1,0,11,3,2,12,4,3,12,9,6,10
1414,47,0,2,1,25,3,1,1,3,3,0,3,2,8633,2,0,23,4,0,25,3,3,17,14,12,11
248,37,0,2,1,1,2,3,0,2,1,6,1,1,3920,2,0,14,3,1,17,2,2,3,1,0,2
75,31,0,2,1,8,4,3,0,3,2,4,4,2,4424,1,0,23,4,0,11,2,3,11,7,1,8
825,29,0,2,1,8,1,2,1,2,2,4,4,1,5056,1,1,15,3,1,10,2,2,10,7,1,2
1132,40,0,2,2,14,2,4,0,3,2,7,1,1,4639,1,0,15,3,1,5,2,3,5,4,1,2
1130,35,0,2,1,28,3,2,1,4,2,2,3,1,3407,1,0,17,3,2,10,3,2,10,9,6,8
395,43,0,1,1,21,3,4,1,3,1,2,4,1,2258,7,0,20,4,1,8,1,3,3,2,1,2
208,40,0,0,1,9,5,4,1,2,2,0,4,1,4876,9,0,14,3,1,5,5,1,3,2,0,2
1227,31,0,2,1,2,4,2,1,3,1,2,3,1,3477,1,0,14,3,1,6,2,4,5,2,0,3
925,42,0,2,1,7,4,2,0,4,2,6,2,1,2372,6,1,16,3,0,18,2,3,1,0,0,0
197,42,0,0,1,21,2,3,0,3,2,4,3,0,5265,2,0,16,3,1,11,5,3,5,3,0,2
39,33,0,1,2,1,3,3,0,4,2,7,1,1,5376,2,0,19,3,2,10,3,3,5,3,1,3
428,47,0,2,1,2,2,1,0,3,2,4,4,0,5070,5,0,13,3,3,20,2,3,5,0,0,4
1154,47,0,2,0,26,4,4,0,3,5,3,3,1,19658,3,0,11,3,1,27,2,3,5,2,1,0
1008,54,0,2,1,1,3,4,0,3,4,5,4,2,17328,6,0,19,3,0,29,3,2,20,7,12,7
834,34,0,2,2,9,1,2,0,3,2,7,3,1,5714,1,0,20,4,0,6,3,2,6,5,1,3
112,54,0,0,0,26,3,4,0,4,4,3,4,2,17328,2,1,12,3,0,23,3,3,5,3,4,4
1398,33,0,1,1,7,2,4,1,3,2,0,3,0,5968,1,0,20,4,3,9,2,3,9,7,2,8
249,45,0,1,1,7,4,1,1,4,2,4,3,1,6434,4,0,17,3,1,9,1,3,3,2,0,2
40,35,0,2,1,4,2,3,1,3,1,2,4,0,1951,1,0,12,3,1,1,3,3,1,0,0,0
1388,32,0,0,1,15,4,3,0,3,2,0,4,0,6667,5,0,18,3,1,9,6,3,5,1,1,2
402,30,0,2,2,12,3,2,0,3,2,7,3,2,6577,0,0,11,3,0,6,6,3,5,4,4,4
884,40,0,2,2,10,3,2,0,2,2,7,2,0,6852,7,0,12,3,1,7,2,4,5,1,1,3
1172,29,0,2,2,10,3,3,1,2,2,7,3,2,5869,9,0,11,3,0,8,2,3,5,2,1,4
1082,23,0,2,1,20,1,1,1,3,2,2,3,2,2272,0,0,14,3,0,5,2,3,4,3,1,2
1278,36,0,2,1,10,3,4,1,3,3,0,1,1,8321,7,1,13,3,1,15,1,3,12,8,5,7
206,22,0,2,1,5,3,4,1,4,1,6,2,0,2328,1,1,16,3,1,4,2,2,4,2,2,2
1450,35,0,2,0,26,4,3,0,3,3,1,4,2,8837,1,1,16,3,0,9,2,3,9,0,1,7
1347,36,0,1,0,2,1,2,1,2,2,1,4,2,3886,1,0,21,4,0,10,2,2,10,1,0,8
527,32,0,2,2,10,3,4,1,3,2,7,4,2,5396,1,0,12,3,0,10,2,2,10,7,0,8
1013,30,0,2,2,7,4,4,0,3,2,7,1,0,4779,7,0,14,3,2,8,3,3,3,2,0,2
1309,26,0,2,2,10,3,3,1,3,2,7,4,2,4684,1,0,13,3,0,5,4,3,5,3,1,2
526,39,0,2,1,2,4,4,0,2,2,0,3,2,4553,1,0,11,3,0,20,4,3,20,7,11,10
330,43,0,1,1,10,4,3,0,2,2,2,3,0,5257,1,0,11,3,1,9,3,4,9,7,0,0
309,31,0,2,1,5,4,3,1,3,1,6,4,1,4821,0,1,12,3,1,6,4,3,5,2,0,3
1408,23,0,2,1,12,2,4,1,3,1,2,4,2,2647,1,0,13,3,0,5,6,4,5,2,1,4
84,34,0,2,1,1,2,1,1,3,2,4,2,1,4325,1,0,15,3,0,5,2,3,5,2,1,3
461,35,0,2,2,1,3,1,0,3,2,7,3,2,4859,1,0,16,3,0,5,3,3,5,4,0,3
705,39,0,2,2,2,5,1,1,4,3,7,3,2,7880,0,0,18,3,0,9,3,3,8,7,0,7
961,35,0,1,1,4,4,3,1,3,2,6,3,2,4249,1,1,11,3,0,9,3,3,9,6,1,1
165,50,0,2,1,11,3,3,0,3,5,3,2,2,19926,3,0,15,3,0,21,5,3,5,4,4,4
633,36,0,2,0,8,3,1,1,2,1,1,1,1,2342,0,0,21,4,0,6,3,3,5,4,0,3
74,36,0,2,1,6,3,2,0,4,1,2,4,1,3038,3,0,12,3,0,5,3,3,1,0,0,0
270,55,0,2,1,1,3,4,1,3,5,3,1,2,19045,0,1,14,3,0,37,2,3,36,10,4,13
924,35,0,2,1,6,1,3,1,3,1,6,3,1,3506,0,1,14,3,0,4,3,3,3,2,2,2
783,41,0,2,1,7,2,2,0,4,1,6,3,1,3376,1,0,13,3,0,10,3,3,10,6,0,8
1457,40,0,2,1,2,4,3,0,3,1,6,3,1,2001,2,0,14,3,3,20,2,3,5,3,0,2
601,40,0,1,1,16,4,1,1,2,2,2,3,2,5094,6,0,14,3,0,10,6,3,1,0,0,0
699,52,0,2,1,1,2,4,1,3,4,3,4,1,17099,2,0,15,3,1,26,2,2,9,8,7,8
945,50,0,2,1,28,3,4,0,3,4,5,1,1,16880,4,1,11,3,0,25,2,3,3,2,1,2
1296,30,0,2,1,10,3,1,0,3,3,4,3,2,9667,9,0,14,3,0,9,3,3,7,7,0,2
1413,25,0,2,1,2,1,4,1,3,1,2,3,0,3977,6,1,19,3,1,7,2,2,2,2,0,2
476,24,0,2,1,17,2,4,1,2,1,2,2,1,2127,1,0,21,4,1,1,2,3,1,0,0,0
816,39,0,0,1,9,3,3,1,3,2,2,2,2,6782,9,0,15,3,0,9,2,2,5,4,0,3
750,44,0,2,2,28,3,4,0,4,4,7,4,1,13320,3,1,18,3,1,23,2,3,12,11,11,11
1025,24,0,2,2,4,1,4,0,3,2,7,3,1,4162,1,1,12,3,2,5,3,3,5,4,0,3
1308,38,0,2,2,2,4,2,0,1,2,8,4,1,5405,2,1,20,4,2,20,4,2,4,2,0,3
179,38,0,2,1,9,2,3,0,3,1,2,4,2,2288,1,0,12,3,0,2,3,3,2,2,2,1
918,51,0,1,2,9,3,4,1,3,5,3,2,0,19847,4,1,24,4,1,31,5,2,29,10,11,10
38,36,0,2,1,5,4,2,0,2,1,6,1,1,3419,9,1,14,3,1,6,3,4,1,1,0,0
875,44,0,2,1,29,4,4,1,3,2,6,4,2,4541,1,0,25,4,0,20,3,3,20,11,13,17
310,31,0,2,0,2,3,1,1,2,2,1,1,1,6410,3,0,12,3,0,9,1,3,2,2,1,0
520,48,0,2,2,2,1,2,1,4,2,7,2,1,8120,3,0,12,3,0,12,3,3,2,2,2,2
88,30,0,2,1,2,3,3,1,2,2,0,4,1,4152,1,0,19,3,3,11,3,3,11,10,10,8
1086,50,0,1,1,22,5,3,1,1,4,5,4,2,14411,1,1,13,3,0,32,2,3,32,6,13,9
498,22,0,2,1,6,1,1,1,3,1,6,3,1,2773,0,0,20,4,0,3,3,3,2,2,2,2
291,36,0,2,1,3,3,3,1,3,2,6,2,2,4485,4,0,12,3,0,10,2,3,8,0,7,7
1207,55,0,2,1,22,3,1,1,2,1,6,2,0,3537,5,0,12,3,1,8,1,3,4,2,1,2
845,40,0,1,1,26,2,3,0,2,2,6,4,1,4422,3,1,13,3,1,16,3,1,1,1,0,0
1315,36,0,2,1,2,4,4,0,3,2,6,2,1,6962,4,1,22,4,1,15,2,3,1,0,0,0
489,43,0,2,1,6,4,2,1,2,4,5,4,0,16627,4,1,14,3,1,21,3,2,1,0,0,0
187,55,0,2,1,14,4,3,1,4,5,5,2,2,18722,8,0,11,3,0,36,3,3,24,15,2,15
403,41,0,2,2,1,3,2,1,4,3,7,1,1,8392,1,0,16,3,1,10,2,3,10,7,0,7
152,53,0,2,2,6,2,2,1,3,2,8,3,1,2306,2,1,20,4,1,13,3,1,7,7,4,5
931,30,0,0,1,9,2,3,0,3,2,4,3,2,4695,7,1,18,3,0,10,3,3,8,4,1,7
332,54,0,1,1,20,4,4,0,3,2,6,3,2,4869,3,0,12,3,0,20,4,2,4,3,0,3
1456,35,0,1,1,18,4,3,1,3,2,0,3,1,5689,1,1,14,3,2,10,2,4,10,2,0,2
1439,36,0,2,2,3,3,1,0,2,3,7,4,1,7644,0,0,19,3,2,10,2,3,9,7,3,4
1117,34,0,2,1,1,4,2,1,3,2,6,4,1,5484,9,0,17,3,1,9,3,2,2,2,2,1
282,29,0,1,2,2,2,2,1,3,2,7,4,2,4554,1,0,18,3,0,10,3,2,10,7,0,9
334,45,0,2,1,8,4,4,1,3,2,6,4,1,3697,9,0,14,3,2,12,3,3,10,9,9,8
817,36,0,0,1,18,4,1,1,3,2,4,4,2,7779,2,0,20,4,0,18,0,3,11,9,0,9
960,41,0,1,2,1,3,3,0,3,2,7,1,0,4103,0,0,17,3,1,10,2,3,9,3,1,7
1103,48,0,2,2,16,4,3,0,3,2,7,3,0,6439,8,0,14,3,1,18,2,3,8,7,7,7
938,58,0,2,1,23,4,1,1,3,1,6,3,0,2372,1,0,12,3,2,2,3,3,2,2,2,2
665,47,0,2,2,2,4,4,0,2,1,8,4,2,3294,1,1,18,3,0,3,3,2,3,2,1,2
1385,34,0,2,2,13,4,4,1,3,3,7,3,0,8628,1,0,18,3,1,9,2,2,8,7,1,1
47,37,0,2,1,19,2,2,1,3,1,6,2,1,3022,4,0,21,4,0,8,1,3,1,0,0,0
491,43,0,1,1,9,5,4,1,3,2,2,3,0,5679,3,1,13,3,1,10,3,3,8,7,4,7
305,36,0,0,1,24,4,2,0,3,2,2,2,1,5674,7,0,15,3,1,11,3,3,9,8,0,8
1070,28,0,1,2,7,3,3,1,3,2,7,1,2,4898,0,0,14,3,0,5,5,3,4,2,1,3
8,38,0,1,1,23,3,4,1,2,3,4,3,2,9526,0,0,21,4,0,10,2,3,9,7,1,8
962,51,0,2,0,5,3,3,1,3,4,3,2,0,14026,1,1,11,3,1,33,2,3,33,9,0,10
1402,31,0,2,1,2,1,4,0,1,1,2,4,0,1129,1,1,11,3,3,1,4,3,1,0,0,0
515,35,0,0,1,3,3,3,1,2,1,2,3,1,1281,1,0,18,3,2,1,3,3,1,0,0,0
941,30,0,2,1,6,3,1,0,2,2,2,4,1,4627,0,0,12,3,1,10,6,3,9,2,6,7
398,37,0,0,1,25,5,2,0,3,2,6,3,1,4449,3,1,15,3,2,15,2,3,13,11,10,7
1292,39,0,1,2,20,3,3,1,3,2,7,4,0,4127,2,0,18,3,1,7,6,3,2,1,2,2
1178,20,0,2,2,2,3,3,0,3,1,8,3,2,2783,1,0,19,3,0,2,3,3,2,2,2,2
92,30,0,2,2,4,2,3,0,2,2,7,2,0,5209,1,1,12,3,3,11,4,2,11,8,2,7
1420,41,0,2,1,1,3,4,1,3,1,6,4,1,2782,3,0,22,4,1,12,3,3,5,3,1,0
536,60,0,2,2,16,4,1,1,3,2,7,1,2,5405,8,0,14,3,0,10,1,3,2,2,2,2
1220,36,0,2,2,2,4,3,0,3,2,8,4,2,4502,3,0,15,3,0,17,2,2,13,7,6,7
404,28,0,2,1,17,2,3,1,3,2,2,1,0,4558,1,0,12,3,1,10,2,3,10,0,1,8
832,37,0,2,1,25,2,3,0,2,2,0,4,0,5731,7,0,13,3,2,9,2,3,6,2,1,3
1015,34,0,1,1,1,4,4,1,3,1,6,1,0,2996,5,0,14,3,2,10,2,3,4,3,1,3
957,40,0,0,1,16,2,3,1,3,1,6,3,0,3544,9,0,16,3,1,6,0,3,4,2,0,0
559,38,0,2,1,2,5,4,1,3,1,6,3,1,3057,6,1,13,3,1,6,0,1,1,0,0,1
155,29,0,0,1,1,1,4,1,3,2,4,3,1,4319,1,0,13,3,1,10,1,3,10,7,0,9
1384,34,0,2,2,1,3,1,1,3,3,7,4,2,9888,1,0,21,4,0,14,3,2,14,8,2,1
353,37,0,2,1,6,3,3,1,4,2,6,1,0,5974,4,1,13,3,2,13,2,3,7,7,6,7
1415,33,0,0,1,1,2,2,1,2,1,2,3,0,2008,1,0,12,3,3,1,2,2,1,1,0,0
131,50,0,1,2,12,3,3,0,3,3,7,4,2,9208,4,0,11,3,0,16,3,3,2,2,2,1
1195,49,0,2,1,1,3,3,1,3,4,3,3,2,15379,4,0,14,3,0,23,2,3,8,7,0,0
874,30,0,2,1,7,4,3,1,3,2,2,3,0,3491,1,0,13,3,3,10,4,2,10,7,8,9
80,30,0,2,1,1,1,4,1,2,2,2,4,1,5126,1,1,12,3,2,10,1,2,10,8,3,0
972,18,0,0,1,1,3,4,0,3,1,2,4,2,1611,1,0,15,3,0,0,5,4,0,0,0,0
169,32,0,2,1,6,5,3,1,3,1,6,3,2,3038,3,0,20,4,0,8,2,3,5,4,1,4
54,26,0,2,2,23,3,3,0,2,2,7,4,1,4157,7,1,19,3,1,5,2,2,2,2,0,0
397,25,0,2,2,4,2,2,0,2,2,7,4,2,4487,1,1,11,3,0,5,3,3,5,4,1,3
1046,44,0,2,1,20,3,4,1,3,1,6,2,2,3420,1,0,13,3,0,6,3,2,5,2,1,3
1311,18,0,0,1,14,3,2,0,3,1,6,3,2,1514,1,0,16,3,0,0,4,1,0,0,0,0
420,29,0,2,1,3,4,2,1,2,3,5,3,1,11935,1,0,18,3,0,10,2,3,10,2,0,7
267,25,0,0,1,5,2,2,1,4,2,0,1,0,4000,1,0,12,3,2,6,2,3,6,3,1,5
235,43,0,2,2,16,3,4,0,3,4,3,4,1,16064,5,1,22,4,1,22,3,3,17,13,1,9
766,50,0,2,1,2,4,2,1,3,5,5,3,1,19237,2,1,11,3,1,29,2,2,8,1,7,7
113,24,0,2,1,18,1,2,1,3,1,2,3,1,2774,0,0,12,3,1,6,2,3,5,3,1,2
162,28,0,2,1,21,3,3,1,3,1,6,4,1,2713,1,0,11,3,1,5,2,1,5,2,0,2
191,27,0,2,1,9,3,4,0,3,1,6,2,2,2279,1,0,16,3,0,7,2,2,7,7,0,3
1141,30,0,2,1,7,3,2,1,2,1,6,2,1,2141,1,0,12,3,1,6,3,2,6,4,1,1
805,45,0,0,2,9,4,2,0,2,2,7,3,1,5593,1,0,13,3,1,15,2,3,15,10,4,12
524,34,0,2,1,9,3,4,0,2,3,0,2,2,8621,1,0,14,3,0,9,3,4,8,7,7,7
1251,30,0,2,2,15,2,3,1,2,3,7,1,0,7140,2,0,11,3,1,12,2,3,7,7,1,7
788,28,0,2,1,10,3,3,0,3,2,6,3,2,3660,3,0,13,3,0,10,4,4,8,7,1,7
1319,32,0,1,2,10,4,4,1,3,2,7,4,2,4648,8,0,13,3,0,4,2,4,0,0,0,0
1019,36,0,2,2,16,4,3,0,2,2,7,1,1,5647,4,0,13,3,2,11,3,2,3,2,0,2
646,53,0,2,2,8,3,1,1,3,4,7,4,1,11836,5,0,14,3,1,28,3,3,2,0,2,2
580,35,0,2,2,8,4,1,0,3,1,8,4,1,2572,1,0,16,3,1,3,1,2,3,2,0,2
638,25,0,2,2,4,1,3,1,2,2,7,1,1,4256,1,0,12,3,0,5,1,4,5,2,0,3
1108,35,0,2,1,1,3,4,1,2,1,2,1,2,2450,1,0,19,3,0,3,3,3,3,0,1,2
348,42,0,2,1,23,5,1,0,3,4,5,4,2,15992,2,0,14,3,0,16,2,3,1,0,0,0
910,23,0,2,1,1,2,4,1,3,1,6,3,1,1223,1,0,22,4,1,1,2,3,1,0,0,1
659,28,0,2,2,5,4,1,1,3,2,7,4,2,4908,1,0,14,3,0,4,3,3,4,2,0,2
664,36,0,2,1,14,1,3,1,3,2,0,4,1,6586,0,1,17,3,1,17,2,2,16,8,4,11
1274,31,0,2,2,29,4,1,0,2,2,7,4,1,5468,1,0,14,3,2,13,3,3,12,7,5,7
630,22,0,2,1,1,2,4,1,2,2,4,4,1,4775,6,0,22,4,2,4,2,1,2,2,2,2
425,50,0,2,1,29,4,2,1,2,4,3,3,1,17046,0,0,15,3,1,28,2,3,27,10,15,7
923,34,0,1,0,11,3,3,1,2,2,1,2,1,4490,4,0,11,3,2,14,5,4,10,9,1,8
462,34,0,2,2,21,4,4,1,4,2,7,4,2,5337,1,0,12,3,0,10,3,3,10,7,5,7
758,59,0,2,2,1,2,2,1,3,3,3,4,1,11904,3,1,14,3,1,14,1,1,6,4,0,4
1327,46,0,2,2,3,3,1,0,4,4,7,1,0,13225,2,0,12,3,1,25,5,3,19,17,2,8
25,53,0,2,1,5,3,3,0,3,5,3,3,0,19094,4,0,11,3,1,26,3,2,14,13,4,8
609,43,0,2,1,14,2,2,1,3,4,5,1,1,17159,6,0,24,4,1,22,3,3,4,1,1,0
343,29,0,2,2,10,1,4,0,2,2,7,2,0,8268,1,1,14,3,2,7,2,3,7,7,1,7
1410,40,0,2,2,2,2,2,0,3,2,7,2,1,5677,3,0,14,3,1,15,4,3,11,8,5,10
99,44,0,0,1,23,3,2,1,3,2,2,2,1,2042,4,0,12,3,1,17,3,4,3,2,1,2
1411,25,0,2,0,2,3,3,0,3,1,1,2,1,2187,4,0,14,3,0,6,3,3,2,0,1,2
55,33,0,1,1,1,2,1,0,3,3,5,4,2,13458,1,1,12,3,0,15,1,3,15,14,8,12
640,24,0,0,1,4,1,1,1,2,1,2,4,1,3162,0,0,17,3,0,6,2,2,5,2,3,4
30,33,0,2,1,2,3,3,1,3,1,2,4,2,2496,4,0,11,3,0,7,3,3,1,1,0,0
1248,27,0,2,1,8,3,3,0,3,1,6,4,2,3445,1,0,11,3,0,6,5,2,6,2,1,4
641,32,0,1,2,5,2,2,1,3,2,7,2,1,6524,1,0,14,3,1,10,3,3,10,8,5,3
1260,32,0,0,1,5,4,2,1,3,1,6,2,2,2718,2,0,14,3,0,12,3,3,7,7,0,7
1076,54,0,1,1,11,4,2,0,3,4,3,4,0,16032,3,0,20,4,1,26,2,3,14,9,1,12
458,40,0,0,2,28,3,3,1,1,3,7,1,0,10932,3,0,15,3,1,20,2,3,1,0,0,1
76,35,0,2,2,1,4,3,1,2,2,7,1,2,4312,0,0,14,3,0,16,2,3,15,13,2,8
58,31,0,2,1,7,4,4,1,3,2,2,4,0,5915,3,0,22,4,1,10,3,2,7,7,1,7
17,22,0,0,1,16,2,4,1,4,1,2,4,0,2935,1,1,13,3,2,1,2,2,1,0,0,0
1393,27,0,2,2,9,3,4,1,3,2,7,4,2,4105,1,0,14,3,0,7,5,3,7,7,0,7
164,27,0,0,1,3,3,3,1,2,1,6,3,0,2566,1,1,15,3,1,1,2,2,1,1,0,1
1412,30,0,2,1,1,2,4,1,3,1,2,2,1,3748,1,0,13,3,0,12,6,2,12,8,1,7
914,55,0,0,1,8,1,4,1,2,4,0,2,0,13577,1,1,15,3,1,34,3,3,33,9,15,0
494,34,0,2,2,14,3,3,0,3,1,8,3,0,2579,1,1,18,3,2,8,3,3,8,2,0,6
989,37,0,2,1,4,1,3,1,3,1,6,3,1,2996,7,1,15,3,0,8,2,3,6,4,1,3
523,50,0,2,1,28,1,4,1,4,1,2,3,1,3221,1,1,11,3,3,20,3,3,20,8,3,8
1149,27,0,2,1,19,3,4,1,2,1,2,1,0,4066,1,0,11,3,2,7,3,3,7,7,0,7
1122,29,0,2,1,3,1,2,1,3,1,2,1,2,4723,1,1,18,3,0,10,3,3,10,9,1,5
143,30,0,2,1,18,3,1,0,3,1,6,3,2,2632,1,0,14,3,0,5,4,2,5,4,0,4
1131,34,0,1,1,10,4,4,1,2,2,0,3,1,5063,1,0,14,3,1,8,3,2,8,2,7,7
959,40,0,2,1,2,3,3,1,3,2,6,4,2,4661,1,0,13,3,0,9,4,3,9,8,8,8
321,31,0,2,2,7,3,4,1,3,2,7,4,0,7547,4,0,12,3,3,13,3,3,7,7,1,7
679,31,0,0,2,20,2,4,0,3,2,7,3,1,6932,1,0,13,3,1,9,2,2,9,8,0,0
226,37,0,1,2,4,4,1,1,3,1,8,4,0,2793,4,0,17,3,1,13,2,3,9,8,5,8
1095,33,0,2,1,28,4,2,1,3,2,2,3,1,5207,1,1,12,3,1,15,3,3,15,14,5,7
437,30,0,2,2,7,1,4,1,3,1,8,2,2,2983,0,0,14,3,0,4,3,3,3,2,1,2
1189,33,0,2,2,2,4,4,1,3,2,7,4,0,5505,1,0,14,3,2,6,5,3,6,2,0,4
917,34,0,2,2,2,3,3,0,3,2,7,1,2,4538,0,1,12,3,0,4,3,3,3,2,0,2
1403,39,0,2,2,15,4,2,1,3,4,7,1,2,13341,0,0,12,3,0,21,3,3,20,8,11,10
616,51,0,2,2,26,4,1,0,3,4,3,3,1,16307,2,0,14,3,1,29,2,2,20,6,4,17
687,36,0,2,1,2,4,3,1,3,1,2,3,2,2519,4,0,21,4,0,16,6,3,11,8,3,9
1101,32,0,2,1,5,2,4,0,2,2,6,2,1,5878,3,0,12,3,1,12,2,3,7,1,2,5
121,33,0,0,2,22,2,3,1,3,2,7,2,1,6146,0,0,13,3,1,8,2,4,7,7,0,7
114,34,0,2,1,6,4,3,0,2,2,6,2,0,4505,6,0,15,3,1,12,3,3,1,0,0,0
123,51,0,2,1,6,3,1,1,3,5,5,3,2,19537,7,0,13,3,0,23,5,3,20,18,15,15
1026,32,0,2,2,7,5,4,1,3,2,7,4,1,9204,4,0,12,3,1,7,3,2,4,3,0,3
1280,37,0,2,0,8,2,3,1,3,2,1,2,0,4071,2,0,13,3,0,19,4,2,10,0,4,7
105,59,0,0,0,2,4,3,0,2,5,3,4,1,18844,9,0,21,4,1,30,3,3,3,2,2,2
1092,45,0,2,1,28,3,4,1,3,1,6,4,1,2132,4,0,20,4,1,8,3,3,5,4,0,3
1080,46,0,2,2,3,3,3,0,3,4,3,2,1,16606,8,0,12,3,1,23,2,4,13,12,5,1
737,41,0,2,1,7,2,4,0,3,2,4,3,2,5003,6,0,14,3,0,8,6,3,2,2,2,1
1454,45,0,2,2,20,3,4,0,3,2,7,3,2,4850,8,0,15,3,0,8,3,3,5,3,0,1
159,34,0,1,2,2,4,3,0,3,1,8,3,1,2231,6,0,18,3,1,6,3,3,4,3,1,2
673,33,0,2,1,1,4,3,1,2,1,6,1,2,2799,3,1,11,3,0,6,1,3,3,2,0,2
207,36,0,1,1,18,1,2,0,3,1,2,4,2,2153,1,0,13,3,0,8,2,3,8,1,1,7
763,34,0,2,2,10,4,3,0,3,1,8,3,1,2220,1,1,19,3,1,1,2,3,1,1,0,0
1115,34,0,2,1,7,4,1,1,3,1,6,4,2,2972,1,0,13,3,0,1,4,1,1,0,0,0
885,25,0,2,2,10,4,3,1,3,2,7,4,2,4950,0,0,14,3,0,5,4,3,4,3,1,1
116,34,0,2,1,5,3,3,0,2,3,3,1,2,11631,2,0,12,3,0,14,6,3,11,10,5,8
1277,46,0,2,1,2,4,3,1,3,5,5,4,0,19328,7,1,17,3,1,24,3,3,2,1,2,2
550,23,0,2,1,9,1,2,1,3,1,2,1,1,2500,1,0,14,3,1,5,2,4,4,3,0,2
1218,41,0,2,2,6,3,4,1,3,3,7,3,2,9241,1,0,12,3,0,10,3,3,10,8,8,7
926,43,0,2,2,4,4,4,0,2,3,7,4,2,10231,3,0,14,3,0,23,3,4,21,7,15,17
698,35,0,2,2,18,3,3,0,3,2,7,3,1,4601,1,0,16,3,0,5,3,3,5,2,1,0
844,30,0,2,2,10,3,3,1,2,2,7,3,1,6578,1,0,18,3,1,10,3,3,10,3,1,4
1069,28,0,2,1,1,3,1,1,2,1,6,3,0,1563,1,0,14,3,1,1,2,1,1,0,0,0
1177,50,0,2,1,17,5,4,0,2,3,5,1,0,13269,5,0,15,3,3,19,3,3,14,11,1,11
936,45,0,1,1,25,3,2,0,3,5,3,2,2,18061,3,0,22,4,0,22,4,3,0,0,0,0
61,38,0,1,1,29,5,4,0,3,2,2,4,2,2406,1,0,11,3,0,10,2,3,10,3,9,9
450,31,0,2,2,2,1,2,1,3,2,7,4,2,6582,4,1,13,3,0,10,2,4,6,5,0,5
814,40,0,2,1,14,3,3,1,2,5,5,3,2,19626,1,0,14,3,0,21,2,4,20,7,4,9
852,29,0,2,1,6,1,2,0,3,1,2,4,1,3131,1,0,13,3,1,10,5,3,10,8,0,8
110,51,0,1,1,1,4,1,0,2,3,0,1,2,7484,3,0,20,4,0,23,1,2,13,12,12,8
872,33,0,1,2,25,3,2,0,3,2,7,3,1,4539,1,0,12,3,1,10,3,2,10,7,0,1
141,45,0,2,1,29,3,3,1,3,1,6,4,2,3452,5,0,13,3,0,9,2,2,6,5,0,3
833,27,0,2,1,6,3,4,1,2,1,6,3,1,2539,1,0,13,3,1,4,0,3,4,2,2,2
837,40,0,1,1,9,4,2,0,3,3,5,3,2,13499,9,0,17,3,0,20,3,2,18,7,2,13
467,37,0,0,2,9,4,1,1,3,3,7,2,0,8834,1,0,13,3,1,9,6,3,9,5,7,7
1193,38,0,1,1,2,3,4,0,2,1,2,2,2,2440,1,0,22,4,0,4,3,3,4,3,3,3
201,49,0,0,1,18,4,4,1,3,2,4,4,0,6804,1,1,15,3,2,7,0,3,7,7,1,7
1422,35,0,2,1,11,4,4,1,3,1,2,3,1,2660,7,1,11,3,1,5,3,3,2,2,2,2
59,37,0,2,1,1,4,1,1,2,2,4,3,0,5993,1,0,18,3,1,7,2,4,7,5,0,7
1009,58,0,2,1,1,3,4,0,3,5,5,1,1,19701,3,1,21,4,1,32,3,3,9,8,1,5
729,35,0,2,1,25,4,3,0,3,3,0,3,0,10388,1,1,11,3,1,16,3,2,16,10,10,1
948,30,0,2,1,17,4,2,0,3,3,3,1,1,11916,1,1,23,4,2,9,2,3,9,1,0,8
287,38,0,2,1,23,4,4,1,3,2,0,4,0,5745,9,0,14,3,1,10,2,3,2,2,1,2
1027,34,0,2,1,1,3,4,0,2,1,2,2,1,3294,5,0,17,3,1,7,2,2,5,4,0,2
302,28,0,2,1,16,2,2,1,4,2,0,1,2,5661,0,0,19,3,0,9,2,3,8,3,0,7
965,25,0,2,1,19,1,4,1,3,1,2,4,1,3669,3,0,11,3,3,7,6,2,3,2,1,2
347,47,0,1,2,4,1,2,1,3,2,8,3,2,2976,3,0,19,3,0,5,3,3,0,0,0,0
96,24,0,2,2,3,2,1,0,3,2,7,3,1,4999,0,0,21,4,1,4,2,2,3,2,0,2
66,36,0,1,1,11,3,2,1,2,2,4,2,2,6499,1,0,13,3,0,6,3,3,6,5,0,3
193,43,0,0,1,7,3,4,1,4,1,6,4,0,2089,4,0,14,3,3,7,3,4,5,4,2,2
795,37,0,2,2,10,4,4,0,2,2,7,4,0,6694,2,1,14,3,3,8,5,3,1,0,0,0
1040,40,0,0,1,8,1,4,1,2,3,5,2,0,13757,2,0,11,3,1,16,5,3,9,8,4,8
472,37,0,2,1,1,4,2,0,3,2,4,2,1,6447,6,0,12,3,1,8,2,2,6,5,4,3
648,37,0,1,2,21,2,3,0,3,1,8,4,1,2973,5,0,15,3,1,10,3,3,5,4,0,0
471,38,0,2,1,10,3,3,0,3,2,0,3,1,9824,3,0,19,3,1,18,4,3,1,0,0,0
569,36,0,0,2,8,4,1,1,2,3,7,1,2,7587,1,0,15,3,0,10,1,3,10,7,0,9
723,46,0,2,1,7,2,4,1,3,3,4,3,0,10845,6,0,13,3,1,13,3,3,8,7,0,7
824,42,0,2,1,29,3,2,1,1,2,2,4,2,4272,4,0,19,3,0,16,3,3,1,0,0,0
1436,21,0,2,2,5,1,3,1,3,1,8,1,2,2380,1,1,11,3,0,2,6,3,2,2,1,2
483,35,0,2,1,25,2,1,1,2,2,2,4,2,3681,4,0,14,3,0,9,3,3,3,2,0,2
1017,27,0,2,1,11,1,2,1,3,1,2,1,1,2099,0,0,14,3,0,6,3,4,5,0,1,4
605,38,0,1,1,12,3,1,1,2,2,0,1,0,6288,2,0,15,3,1,13,3,2,4,3,1,2
1134,35,0,2,1,7,2,3,1,2,1,2,4,1,2690,1,0,18,3,1,1,5,2,1,0,0,1
619,33,0,2,2,1,3,1,1,4,2,7,1,0,4037,1,0,22,4,1,9,5,3,9,8,0,8
1238,23,0,2,1,4,1,3,0,3,1,2,2,2,3295,1,0,13,3,0,3,3,1,3,2,1,2
682,32,0,0,1,1,3,3,0,2,1,2,2,1,2332,6,0,20,4,0,5,3,3,3,0,0,2
417,40,0,2,2,2,4,3,0,3,5,3,3,1,18041,0,0,14,3,0,21,2,3,20,15,1,12
1109,30,0,2,2,29,4,3,1,3,3,7,2,1,9250,3,0,12,3,1,9,3,3,4,2,1,3
899,49,0,2,1,4,2,1,1,2,5,3,3,1,18711,2,0,13,3,1,23,2,4,1,0,0,0
1370,47,0,0,1,14,4,3,1,3,2,6,2,1,5467,8,0,18,3,1,16,4,4,8,7,1,7
970,27,0,2,2,11,3,3,0,4,1,8,4,1,2534,8,0,14,3,1,5,4,3,1,0,0,0
125,26,0,2,1,6,3,3,0,2,1,6,2,1,2368,1,0,19,3,0,5,3,2,5,4,4,3
956,56,0,2,0,8,4,4,1,3,5,3,2,2,19717,6,0,14,3,0,36,4,3,7,3,7,7
822,34,0,1,1,2,2,4,1,3,2,4,3,2,4033,2,0,11,3,0,5,3,2,3,2,0,2
1079,39,0,2,1,6,3,2,0,3,3,4,2,2,8376,4,0,18,3,0,9,3,3,2,0,2,2
277,38,0,2,2,7,2,1,0,4,2,7,1,0,5605,1,1,24,4,1,8,3,3,8,0,7,7
1050,42,0,1,1,9,2,1,0,3,1,2,4,2,3673,1,0,13,3,0,12,3,3,12,9,5,8
158,40,0,2,2,4,4,3,1,2,3,7,4,1,10855,7,0,11,3,1,15,2,2,12,11,2,11
261,38,0,0,2,2,2,4,1,2,2,7,4,1,5249,3,0,18,3,1,13,0,3,8,7,7,5
1334,27,0,1,1,15,3,4,0,2,1,6,1,1,4774,0,0,19,3,1,8,2,2,7,6,7,3
954,42,0,0,1,2,1,3,1,3,4,3,3,1,17861,0,1,13,3,0,21,3,2,20,8,2,10
657,29,0,2,1,7,1,1,0,2,1,2,4,0,2532,6,0,14,3,3,8,5,3,4,3,0,3
522,37,0,2,1,10,2,4,1,4,1,6,4,2,4680,3,0,17,3,0,4,2,3,1,0,0,0
649,53,0,2,1,23,4,4,0,3,4,5,4,2,14275,6,0,18,3,0,33,0,3,12,9,3,8
880,32,0,1,1,13,3,3,0,2,1,2,2,1,2743,1,0,20,4,1,2,2,3,2,2,2,2
861,46,0,2,2,2,3,3,0,3,4,3,1,1,17048,8,0,23,4,0,28,2,3,26,15,15,9
1344,37,0,2,1,7,4,4,1,3,2,6,1,1,4284,5,1,22,4,1,16,2,3,5,3,0,4
1072,29,0,1,1,2,1,4,0,3,1,2,2,1,3180,0,0,13,3,3,4,3,3,3,2,0,2
1293,43,0,0,1,9,3,1,1,3,1,6,3,2,2438,4,0,13,3,0,7,2,2,3,2,1,2
841,24,0,2,1,24,3,4,1,3,1,2,2,2,3597,8,0,22,4,0,6,2,3,4,3,1,2
137,39,0,2,2,4,4,4,0,2,2,7,3,1,5902,4,0,14,3,1,17,1,4,15,11,5,9
1219,29,0,2,1,9,4,4,0,3,1,2,3,1,2974,9,0,17,3,1,9,2,3,5,3,1,2
1275,51,0,2,1,3,3,1,0,3,3,3,3,1,13116,2,0,11,3,0,15,2,3,2,2,2,2
31,44,0,2,1,10,4,4,1,3,2,0,4,1,6465,2,1,13,3,0,9,5,4,4,2,1,3
1304,40,0,2,1,12,3,2,0,3,2,0,1,0,4448,2,0,12,3,1,15,3,3,7,4,7,7
190,52,0,2,1,1,4,3,1,2,5,3,3,1,19999,0,0,14,3,1,34,5,3,33,18,11,9
324,30,0,2,1,28,2,4,0,3,2,6,4,1,5775,1,0,13,3,2,11,2,3,10,8,1,9
307,38,0,2,1,25,2,1,0,2,3,5,2,1,12061,3,0,17,3,1,19,2,3,10,8,0,1
869,46,0,2,1,15,2,4,1,3,5,5,2,1,19081,5,0,11,3,1,25,2,3,4,2,0,3
1180,36,0,2,1,7,3,1,1,3,1,2,2,2,2013,2,0,11,3,0,15,4,3,4,3,1,3
1138,50,0,1,1,20,5,2,1,3,4,0,3,1,11245,2,1,15,3,1,32,3,3,30,8,12,13
1024,47,0,2,1,2,4,1,0,3,4,5,3,1,17169,3,0,19,3,2,26,2,4,20,17,5,6
853,19,0,2,1,9,2,3,1,3,1,6,1,2,2552,1,0,25,4,0,1,4,3,1,1,0,0
245,31,0,1,1,3,4,2,1,3,3,5,3,0,13675,9,0,12,3,1,9,3,3,2,2,2,2
221,33,0,2,1,4,4,3,0,2,1,6,2,1,2622,6,0,21,4,0,7,3,3,3,2,1,1
195,37,0,2,1,21,3,2,1,4,1,6,1,1,3564,1,1,12,3,1,8,3,2,8,7,1,7
891,44,0,2,1,2,1,1,0,4,1,6,4,1,2011,1,0,13,3,1,10,5,3,10,5,7,7
1294,41,0,2,1,5,3,2,1,4,2,0,2,2,6870,3,0,12,3,0,11,3,1,3,2,1,2
356,42,0,2,1,2,4,1,1,2,2,0,4,2,6781,3,0,23,4,0,14,6,3,1,0,0,0
1014,31,0,2,1,8,5,1,0,3,4,5,2,2,16422,3,0,11,3,0,9,3,4,3,2,1,0
685,26,0,1,2,1,3,3,1,2,2,7,1,2,4294,1,0,12,3,0,7,2,3,7,7,0,7
996,27,0,2,2,10,3,4,0,2,2,7,4,1,5769,1,1,11,3,0,6,3,3,6,2,4,4
1324,29,0,2,1,29,1,4,1,1,2,0,3,0,6384,8,0,17,3,2,11,3,3,7,0,1,6
898,43,0,2,1,3,3,3,1,1,5,5,4,1,19740,3,0,14,3,1,25,2,3,8,7,0,7
887,42,0,1,1,26,5,1,0,3,3,5,1,1,13191,3,1,17,3,0,20,6,3,1,0,0,0
12,31,0,2,1,26,1,1,1,3,1,6,3,0,2911,1,0,17,3,1,5,1,2,5,2,4,3
1252,34,0,2,1,2,4,4,1,4,1,6,4,1,2932,0,1,14,3,3,6,3,3,5,0,1,2
977,34,0,0,1,26,1,1,0,2,1,6,3,0,2029,1,0,20,4,3,5,2,3,5,4,0,0
1156,40,0,2,1,15,3,1,0,2,3,4,3,1,10435,1,0,13,3,2,18,2,3,18,15,14,12
1244,30,0,1,1,2,4,4,0,2,1,6,1,2,4968,0,0,16,3,0,10,2,3,9,7,0,7
78,37,0,2,1,7,4,1,1,3,3,5,3,2,13664,4,0,13,3,0,16,3,4,5,2,0,2
1386,26,0,2,1,1,3,3,1,3,1,2,1,2,2867,0,0,13,3,0,8,6,2,7,7,7,6
1430,38,0,2,1,10,3,2,0,1,3,5,3,1,13206,3,0,12,3,1,20,3,3,18,16,1,11
